Seasonal Averages:
Summer: 32.10375148809524
Autumn: 27.320270833333336
Winter: 21.067285714285713
Spring: 27.43347767857143